E (0,1,-2) (1,0,0) (0,1,0) (0,0,0.1) 
(1,1,0) 0 0 (0,0,0) 1e6 1
E (0,0,-1) (1,0,0) (0,0.1,0) (0,0,1) 
(1,1,1) 0 0 (0,0,0) 1e6 1

B (-0.4,0.4,0.05) (0.8,0,0) (0,0.1,0) (0,0,-1.5)
(0.1,0.1,0.1) 1 99 (1,1,1) 2.3716 1

S (-0.3,0.6,-1.25) 0.1 
(0.1,0.1,0.1) 1 99 (1,1,1) 2.3716 1

S (0.3,0.6,-0.75) 0.1 
(0.1,0.1,0.1) 1 99 (1,1,1) 2.3716 1

S (0,0.6,-0.2) 0.1 
(0.1,0.1,0.1) 1 99 (1,1,1) 2.3716 1

L (0.5,0.25,-1.5) (1,0.5,0.5) 0.1
L (-0.5,0.25,-1.5) (0.5,0.5,1) 0.1
L (0,0.25,-1.5) (0.2,0.2,0.2) 0.1

A (0.0,0.0,0.0)

C (0.02,0.6,0) (0.5,0,0) (0,0.47,-0.17) 1

