P 4 (0.5,0.5,-0.5) (0.5,-0.5,-0.5)  (0.5,-0.5,0.5) (0.5,0.5,0.5)
(0.0,1.0,0.0) 0.0 5 (1,1,1) 1e6 1
P 4 (-0.5,0.5,-0.5) (-0.5,0.5,0.5)  (-0.5,-0.5,0.5)  (-0.5,-0.5,-0.5) 
(1.0,0.0,0.0) 0.0 5 (1,1,1) 1e6 1
P 4 (0.5,-0.5,-0.5) (0.5,0.5,-0.5) (-0.5,0.5,-0.5) (-0.5,-0.5,-0.5) 
(1.0,1.0,1.0) 0.0 5 (1,1,1) 1e6 1
P 4 (-0.5,0.5,-0.5) (0.5,0.5,-0.5) (0.5,0.5,0.5) (-0.5,0.5,0.5)
(1.0,1.0,1.0) 0.0 5 (1,1,1) 1e6 1
P 4 (-0.5,-0.5,-0.5)  (-0.5,-0.5,0.5) (0.5,-0.5,0.5) (0.5,-0.5,-0.5)
(1.0,1.0,1.0) 0.0 5 (1,1,1) 1e6 1

B (-0.4,-0.5,0.0) (0.329,0,0.147) (0,0.6,0) (0.15,0.0,-0.338)
(1.0,1.0,1.0) 1.0 500 (0.5,0.5,0.5) 1e6 1

E (0.33,-0.33,-0.2) (0.07,-0.07,0) (0.14,0.14,0) (0,0,0.1)
(1.0,1.0,1.0) 0.5 500 (0.5,0.5,0.5) 1e6 1

L (0.4,0.3,0.5) (0.6,0.6,0.6) 0.1
L (-0.4,0.3,0.5) (0.6,0.6,0.6) 0.1

A (0.0,0.0,0.0)

C (0,0,0.5) (0.5,0,0) (0,0.5,0) 1
